1101 张峰 899 100 100 100 800 50 750
1102 唐海涌 500 100 100 100 800 50 750
1103 林建行 560 100 100 100 800 50 750
1104 雷振扩 478 189 123 145 876 67 800
1105 蒙世满 637 178 189 378 890 78 988
1106 李银兴 786 237 167 189 903 78 967
1107 李波鸿 467 128 233 179 768 56 876
1108 杨家雄 345 56 234 123 564 79 564
1109 陈磊 456 66 67 123 577 68 688
1110 叶芝虎 345 67 80 135 457 35 567
1111 黄海妮 456 78 123 234 799 67 890
1112 闭龙堂 488 78 67 123 579 57 588
1113 陈欢成 578 67 79 80 567 76 598
1114 邓旭园 567 56 78 80 568 46 568
1115 覃亮渝 678 57 78 78 638 89 689
1116 梁富学 589 78 89 68 691 78 614
1117 黎海萍 367 67 78 89 400 67 401
1118 史瑞鑫 432 78 56 46 498 78 491
1119 王银丁 452 67 78 56 594 78 594
1120 覃志伟 467 78 89 68 379 78 799